2 70550
3 53950
72 53800
104 52650
133 51900
84 51650
126 51600
4 50750
140 50500
101 50350
15 49600
32 49050
49 48850
116 48700
144 48650
13 48600
115 48600
69 48550
71 48350
59 48300
76 48300
88 48200
36 47850
48 47850
124 47800
43 47750
83 47650
109 47600
95 47550
129 47500
30 47500
31 47450
73 47450
123 47400
141 47400
33 47250
12 47250
105 47200
51 47150
111 47050
146 47050
120 46900
96 46750
11 46700
1 46600
108 46550
99 46550
114 46550
131 46450
8 46450
7 46350
21 46250
113 46200
25 46200
91 45950
24 45950
55 45900
145 45800
134 45650
41 45650
82 45650
136 45650
6 45500
102 45500
28 45300
80 45250
148 45250
107 45100
66 44950
103 44950
29 44800
128 44800
78 44800
149 44700
42 44650
38 44550
75 44500
110 44100
10 44100
98 44050
16 44050
35 43950
61 43800
50 43700
53 43650
132 43650
19 43600
17 43550
45 43500
121 43400
86 43350
119 42850
150 42800
92 42750
26 42700
70 42700
67 42650
125 42550
52 42500
9 42450
79 42450
77 42250
93 42200
130 42150
5 42100
58 42050
39 42000
62 42000
44 41950
137 41800
74 41800
139 41700
106 41600
135 41500
68 41300
18 41150
23 41150
87 41050
37 41000
118 40900
64 40550
56 40500
20 40500
100 40250
34 40150
127 40150
14 40100
47 39700
94 39650
85 39500
117 39450
90 39400
81 39400
122 39200
112 39050
57 38950
143 38750
89 38250
60 37800
65 37350
22 37300
40 37250
54 36950
147 36150
27 35750
46 0
63 0
97 0
138 0
142 0
