100 7
4901 5733
274 9192
2617 7022
3976 7815
2819 7857
1931 3823
6838 8052
7821 8586
1440 6905
978 3473
1059 8824
2162 2326
1050 5512
2245 7950
9692 9880
3412 9313
725 5592
5883 6496
2407 5015
5136 7235
1973 3814
1258 7904
8072 9677
1990 9653
4117 5055
1217 5861
2590 5169
2915 3747
2803 9383
2588 5425
539 4728
910 3978
2983 8918
1888 6461
120 6761
6749 9830
7184 8777
2866 4767
4874 7077
2216 2734
166 4312
104 3087
3200 6806
2971 3918
5752 6748
744 8367
718 5605
210 5053
3274 9048
8458 9972
7027 8532
2623 9863
2884 6095
2854 8637
1146 8795
8533 9010
43 9274
1607 7428
6865 7493
6080 6671
7034 9961
3216 8180
3736 8870
3502 7045
2552 2587
5962 9298
4439 6724
2393 3289
5852 7770
342 8816
6490 9205
1563 2783
5056 8417
2036 2685
142 1665
822 2916
5395 6184
1130 4103
2762 8674
3157 7731
2637 3858
2707 8194
3861 9278
4710 5960
1039 7678
5792 8609
1766 5521
6563 9872
4564 7208
1363 4173
4942 7225
2053 8639
486 6770
2169 9483
6678 9213
8255 8506
4731 4915
8577 8901
1115 7005
1884 3961
