100 3
737 3796
5042 5232
6740 7521
4226 7396
801 7582
4748 6929
2353 3454
3340 4208
2782 6919
216 6404
2261 6173
1899 5644
188 8126
1351 4378
802 8773
3312 6183
5921 8762
757 5433
2475 3429
2138 5491
260 7283
3258 3989
1416 5997
2521 9739
6162 8544
4354 9139
2847 7176
743 7965
6873 7135
2659 8906
398 767
1125 4020
2971 9589
2405 9586
2487 6201
2419 5168
748 9294
7946 9107
5712 8217
1511 5489
581 3531
6851 9668
509 4291
2488 4352
1027 3911
220 7585
141 2130
183 5772
6414 9452
2559 8300
4475 9950
56 1843
2782 5833
2118 5594
3015 6372
430 8554
2121 7410
4226 7452
1216 7143
6939 9581
5796 8961
1013 9240
1001 3229
1401 7980
3214 8480
4172 5540
3147 8766
4409 8843
625 1010
3495 6045
579 8165
3719 4658
762 9895
3369 6844
4194 8259
562 1175
2638 6532
4156 4216
8352 9815
1428 6154
1775 4364
6555 9718
6190 9442
717 8398
6809 8420
4172 5435
8590 9331
3761 6694
5703 9180
390 2274
627 6709
2133 3523
8597 9158
1179 3673
8649 9236
480 1507
3920 8284
1671 5446
3334 4842
3251 8484
