100 10
1885 2585
9461 9512
284 4521
1516 9329
6111 9930
338 6607
1493 6158
2617 5246
1185 9863
306 613
1435 2329
316 2813
3865 6513
1940 7804
16 6270
1470 4770
1302 8714
378 8658
4553 6005
77 5024
778 2133
1676 8999
4425 6533
4065 6890
3686 4285
7227 9207
277 9526
5860 7594
763 5115
243 2875
3349 6264
6112 6163
1936 5438
603 7895
26 9396
9348 9368
4194 4532
3174 7937
382 722
3317 7838
9419 9634
7143 7642
2232 6687
7499 9611
3956 5412
2342 4752
320 4733
31 699
857 3920
1379 2825
115 8134
539 8975
3837 4904
3495 5395
2396 2493
4776 5532
7024 9548
603 3646
5574 5683
2903 4060
7228 8443
2788 3298
920 9568
2179 7656
5526 5838
6127 9793
5561 9267
5240 5669
138 7841
3895 4953
3835 9227
1840 6666
6354 7800
6720 9476
2937 9574
9314 9434
8415 8901
2270 7520
1271 7425
4020 5492
7573 9044
2285 8903
5168 5747
2689 6573
4231 7436
3226 4107
1468 9278
5046 7800
1714 8634
633 7509
2115 5490
5309 7918
2855 5313
3620 8760
2360 4335
1151 3769
2048 2110
1041 9828
704 8599
2232 5657
