100 5
1389 5543
3760 9650
3794 4100
128 1846
4755 7497
3126 5124
9659 9661
514 1709
2360 4467
555 2269
507 1266
26 3565
5071 7158
6981 9739
6141 9750
3523 3584
5977 8701
4416 9644
2571 5097
3166 8901
435 3537
7419 8919
2330 6818
6659 7436
1508 1550
2833 9034
5310 6531
2596 6966
1233 7401
2149 9590
4669 7170
2396 7024
333 7985
4605 5675
3360 8226
487 9602
2972 9336
4382 5216
806 8879
3072 9389
919 5285
3658 4128
478 8234
5376 7763
3293 4981
8459 8496
2945 4309
2652 9437
4596 5733
3961 9900
6354 6784
7221 8170
236 2743
2810 5024
9053 9258
3431 7451
3533 4887
8975 9636
6896 8890
716 3042
914 2346
136 6459
6934 7011
4141 5822
166 7402
2501 9787
6809 9951
736 8109
3621 5841
2268 3340
4708 4844
4725 6872
292 1370
1526 1836
2840 3779
1446 9979
1435 3712
2904 8238
723 6319
1410 2335
3460 6968
3220 6841
1908 4724
2801 6072
5979 6606
920 3206
6186 6448
4474 5927
1987 3074
984 6321
3933 8561
1250 5242
3475 7252
1788 2339
4039 6540
4387 6065
3874 9149
8136 8375
2993 5137
1140 7320
