100 3
8043 8370
4736 5540
1032 7911
7687 9354
6079 8473
571 1051
675 4399
2260 6649
8641 9537
3322 3522
6585 6791
3964 8922
3892 9030
3390 8903
2098 4455
1665 2357
712 6049
5043 8788
743 2237
3330 7891
1068 5215
2652 9981
758 2177
4201 9881
4762 5279
2587 7559
4309 8859
2200 4444
987 7034
3687 5386
5095 7739
7463 8751
2986 8396
4612 5576
4781 7687
5470 6047
5597 7378
7187 8617
3501 6301
6744 7599
2054 2758
4818 7737
1279 5580
5809 8995
4089 7538
5052 5451
7226 9633
5184 9175
3795 4133
1698 2997
2733 4037
134 4264
2154 8860
135 8348
670 5348
147 1647
3305 9887
2911 5030
1318 1713
4354 4563
3582 4069
9402 9439
6779 8375
4347 7963
3855 5041
8528 9493
2760 4772
5555 7198
4171 6225
8024 8048
85 2177
7135 9145
4407 8169
2124 5349
3438 5643
2915 9370
4557 7508
3182 5219
8944 9773
6109 8887
3133 9138
3541 4662
2044 2987
1548 4320
313 6348
4630 6729
3182 5875
432 3946
7442 9430
6462 9653
1934 3848
2213 9805
9374 9749
3887 5657
1255 8499
3141 4993
22 7091
6448 9497
1193 5438
3058 7840
