100 3
1638 1643
4316 6661
6151 8229
687 2874
1983 4270
3072 8510
1405 3518
3640 7288
2436 9495
7100 7788
3159 3472
1053 2521
40 9338
2215 4647
7540 9006
1773 7544
1357 7653
9321 9551
3297 4930
2198 8145
62 7274
5642 6431
6225 6893
2031 7447
6723 8217
1422 1893
6303 8872
4083 8867
3799 8680
650 9341
202 2477
1523 3478
164 6881
2656 7223
7300 8299
6677 8974
5199 5962
4452 9079
5394 6581
4104 9946
104 8217
5840 7536
1844 5468
3603 9756
3798 9461
347 1104
1316 4571
2331 7191
1397 1471
6820 7853
7683 9959
3048 8023
2458 3807
9568 9579
5161 6353
3805 7913
898 2572
4353 9246
129 5570
49 6627
4877 5283
3851 5474
83 6103
2690 6627
2948 6480
7750 8064
5690 7829
485 2183
5229 9576
4554 7397
1439 2603
830 4870
2917 4869
4599 8989
4671 5172
2063 7659
8278 8442
6808 7274
1490 4447
3562 8480
2202 2685
1362 6057
360 4298
3294 8760
6505 6540
2128 5091
6480 9175
3404 9285
6965 8905
8154 8660
4159 6035
4229 5867
2451 7805
1932 9293
1386 2971
1558 3255
2571 6707
2635 9513
1337 7499
1233 9746
