100 10
4724 9310
3408 6677
3700 5206
7028 7506
1712 4085
517 1587
6039 6708
241 3617
6294 7554
7423 8461
6682 9443
1323 1731
5249 7247
8195 8242
808 1149
7834 7975
7083 9682
6004 8086
8741 9343
3807 6739
2467 5648
2359 3522
2083 5110
3682 8855
5002 8075
1698 9898
4090 4621
6625 8375
4912 9012
5091 8303
1734 6804
7544 8146
2 6410
3200 7239
2304 3117
3502 5281
7101 7463
5463 7444
4695 6700
1146 9343
1942 6306
9076 9478
2772 2897
9607 9792
429 4646
3423 8799
819 2464
1617 5214
543 6498
8594 9092
3891 6161
1793 6713
2478 6730
377 7824
382 3865
1044 3200
3270 9335
2271 7818
2499 4873
3139 7210
2481 4932
860 3026
1920 6995
893 9750
4857 7521
2674 6333
8402 9238
2653 4286
6299 6953
5052 9754
7031 8566
280 4501
2212 5055
6476 6503
987 3410
314 7374
2143 5804
6253 8412
4024 5661
2694 6521
432 2568
445 1712
7061 8308
2775 7908
4981 5939
182 3064
4306 4855
26 5918
372 2443
1467 5645
3744 8234
7297 7965
4912 9569
7108 7646
4299 6010
4011 8851
6213 9868
1239 9040
2036 6958
8044 8935
