100 9
531 1310
4442 8198
1981 5895
8211 9876
1242 8629
5891 6938
2914 3575
5228 6138
3537 4781
2058 6841
5992 8950
565 4801
1218 3607
171 1488
7527 8458
2334 5122
586 4511
606 4038
1410 4052
1869 2365
4418 5099
5107 6303
781 1982
39 6141
2189 8239
1380 3807
756 4360
3965 4780
4218 6764
6229 8663
4129 6478
6074 6517
6579 7786
1479 9183
919 2691
3257 7869
5983 9081
405 671
5478 6097
3187 9734
5435 6910
7111 9887
3274 7688
2444 7272
949 6602
4172 5171
5185 6280
1526 1618
865 2561
4631 6859
4097 5624
992 8599
2317 7825
2473 3003
1943 2753
3606 7229
317 9783
585 2491
2819 6960
282 2881
3933 4567
1654 7970
3147 6232
3766 8265
1978 9630
4040 5701
4546 7641
5269 8738
2941 8307
1607 6793
1449 6916
2539 7630
3140 8308
2293 9686
6663 8925
7186 8004
3244 6091
9232 9823
6681 9516
3650 8143
5774 6567
4404 5669
256 7790
6239 9943
5170 6391
40 5752
843 3814
666 861
1134 5077
6021 8684
522 2005
6389 9260
6559 8822
4012 4850
2328 5572
1382 6987
51 5379
2984 8147
3338 5105
3856 6629
