100 9
1236 1602
60 4809
236 5485
4674 5476
4646 5539
5529 8128
2863 7595
2016 5412
686 5252
5812 8285
2519 6493
4751 8303
262 7364
4479 7979
2714 8242
7295 9262
2653 6918
672 1951
1172 6646
4453 7107
2341 6684
7210 7573
5248 9463
4357 8770
5296 9860
57 8463
4868 8669
3807 9009
3064 8888
4562 8798
3296 7304
8521 9752
760 843
5087 5645
3374 5063
30 2860
399 6462
3902 8676
5181 5873
6832 9493
2410 8556
2944 8348
3822 3910
4921 9026
5415 5425
2948 5414
8184 9415
5176 5530
8547 9492
3309 5626
3522 3548
7089 9646
6729 7659
6059 7569
514 7645
3074 3930
5074 7276
3336 6642
1811 2267
259 3855
5536 8532
62 4248
1366 9968
940 4511
7615 7621
1005 2325
8233 9665
4288 5567
6542 9579
3935 7433
1235 7550
3946 9350
7204 8256
4778 8398
4372 9030
2048 8074
627 2567
6119 9620
4387 6791
3179 9069
9242 9520
827 5344
5839 8625
3384 4732
3534 8375
1228 5997
3300 5976
2759 6027
3996 6491
4091 7051
7743 9717
4543 8286
523 6198
2755 5203
3643 6056
7509 9493
635 668
2589 6953
3921 6678
5425 5867
