100 5
7954 9741
2456 9118
6248 6785
8169 8513
3714 5844
6819 9838
3603 7206
1039 4700
4800 5414
1255 2189
6803 9301
1059 6969
6259 8053
468 7294
4095 8758
2908 9445
1660 3000
2806 3847
2562 5694
3413 5822
3067 8006
105 6426
2197 8630
4679 8917
8565 8931
7578 8763
7533 8838
7457 8682
3310 4112
6843 9322
3650 9528
3621 8683
4559 6895
2381 6884
2862 8165
3083 9127
1488 7724
3598 7062
7229 8167
940 5110
9429 9789
2127 3964
7368 7657
401 9335
6223 7664
2299 9803
526 1755
6692 8606
5496 6608
3751 7113
78 4109
4858 9784
278 3791
2474 8539
115 7635
7210 9738
1368 4972
4227 6490
6870 9411
7242 8033
1601 6949
3679 6322
8154 9629
4237 5919
3745 6327
4435 9852
1110 4560
1744 7804
2894 6347
7154 7281
6883 9679
1105 8682
4497 6521
7824 7942
124 2122
280 3373
8271 8766
771 1116
6161 6472
1735 4863
1909 3303
2908 6372
1684 5986
571 3317
3419 3998
4353 6282
1345 6712
4237 7728
6896 6965
1137 5428
42 2814
4046 8240
1291 4676
3652 9290
381 4142
5747 7939
4194 5585
3534 9392
7650 9166
1133 2028
